50 51 12
100 101 14
150 151 17
200 201 18
250 251 17
300 301 18
350 351 21
400 401 19
450 451 19
500 501 19
550 551 19
600 601 19
650 651 19
700 701 18
750 751 22
800 801 21
850 851 23
900 901 26
950 951 25
1000 1001 24
1050 1051 23
1100 1101 23
1150 1151 28
1200 1201 26
1250 1251 25
1300 1301 23
1350 1351 24
1400 1401 27
1450 1451 27
1500 1501 24
1550 1551 22
1600 1601 26
1650 1651 26
1700 1701 26
1750 1751 28
1800 1801 24
1850 1851 25
1900 1901 23
1950 1951 26
2000 2001 23
2050 2051 26
2100 2101 26
2150 2151 25
2200 2201 25
2250 2251 25
2300 2301 27
2350 2351 25
2400 2401 29
2450 2451 24
2500 2501 26
2550 2551 27
2600 2601 25
2650 2651 24
2700 2701 26
2750 2751 28
2800 2801 26
2850 2851 28
2900 2901 26
2950 2951 30
3000 3001 31
3050 3051 26
3100 3101 26
3150 3151 28
3200 3201 29
3250 3251 29
3300 3301 30
3350 3351 27
3400 3401 28
3450 3451 27
3500 3501 28
3550 3551 27
3600 3601 27
3650 3651 27
3700 3701 30
3750 3751 26
3800 3801 31
3850 3851 27
3900 3901 31
3950 3951 29
4000 4001 27
4050 4051 27
4100 4101 30
4150 4151 27
4200 4201 29
4250 4251 29
4300 4301 28
4350 4351 27
4400 4401 31
4450 4451 28
4500 4501 27
4550 4551 29
4600 4601 27
4650 4651 28
4700 4701 28
4750 4751 34
4800 4801 29
4850 4851 29
4900 4901 29
4950 4951 27
5000 5001 28
5050 5051 29
5100 5101 30
5150 5151 34
5200 5201 27
5250 5251 27
5300 5301 30
5350 5351 28
5400 5401 28
5450 5451 30
5500 5501 31
5550 5551 29
5600 5601 31
5650 5651 31
5700 5701 30
5750 5751 26
5800 5801 29
5850 5851 30
5900 5901 30
5950 5951 30
6000 6001 27
6050 6051 35
6100 6101 29
6150 6151 26
6200 6201 31
6250 6251 27
6300 6301 28
6350 6351 31
6400 6401 26
6450 6451 37
6500 6501 27
6550 6551 35
6600 6601 28
6650 6651 31
6700 6701 30
6750 6751 31
6800 6801 29
6850 6851 27
6900 6901 29
6950 6951 28
7000 7001 30
7050 7051 27
7100 7101 30
7150 7151 34
7200 7201 31
7250 7251 32
7300 7301 27
7350 7351 29
7400 7401 31
7450 7451 30
7500 7501 32
7550 7551 31
7600 7601 34
7650 7651 33
7700 7701 28
7750 7751 30
7800 7801 29
7850 7851 32
7900 7901 30
7950 7951 32
8000 8001 28
8050 8051 30
8100 8101 28
8150 8151 33
8200 8201 31
8250 8251 28
8300 8301 31
8350 8351 28
8400 8401 27
8450 8451 31
8500 8501 30
8550 8551 32
8600 8601 31
8650 8651 33
8700 8701 32
8750 8751 28
8800 8801 35
8850 8851 31
8900 8901 31
8950 8951 28
9000 9001 28
9050 9051 30
9100 9101 30
9150 9151 34
9200 9201 31
9250 9251 30
9300 9301 33
9350 9351 29
9400 9401 31
9450 9451 32
9500 9501 31
9550 9551 33
9600 9601 31
9650 9651 31
9700 9701 34
9750 9751 32
9800 9801 35
9850 9851 29
9900 9901 29
9950 9951 32
10000 10001 35
10050 10051 33
10100 10101 33
10150 10151 35
10200 10201 31
10250 10251 32
10300 10301 31
10350 10351 31
10400 10401 35
10450 10451 35
10500 10501 32
10550 10551 30
10600 10601 32
10650 10651 31
10700 10701 32
10750 10751 31
10800 10801 33
10850 10851 30
10900 10901 30
10950 10951 31
11000 11001 33
11050 11051 31
11100 11101 32
11150 11151 30
11200 11201 31
11250 11251 33
11300 11301 30
11350 11351 32
11400 11401 29
11450 11451 31
11500 11501 30
11550 11551 32
11600 11601 33
11650 11651 32
11700 11701 30
11750 11751 30
11800 11801 30
11850 11851 30
11900 11901 30
11950 11951 31
12000 12001 31
12050 12051 32
12100 12101 36
12150 12151 36
12200 12201 29
12250 12251 29
12300 12301 32
12350 12351 35
12400 12401 34
12450 12451 33
12500 12501 32
12550 12551 32
12600 12601 32
12650 12651 32
12700 12701 34
12750 12751 32
12800 12801 31
12850 12851 32
12900 12901 33
12950 12951 33
13000 13001 31
13050 13051 30
13100 13101 31
13150 13151 32
13200 13201 33
13250 13251 36
13300 13301 34
13350 13351 29
13400 13401 31
13450 13451 33
13500 13501 31
13550 13551 33
13600 13601 32
13650 13651 30
13700 13701 32
13750 13751 37
13800 13801 29
13850 13851 31
13900 13901 30
13950 13951 28
14000 14001 35
14050 14051 35
14100 14101 31
14150 14151 32
14200 14201 33
14250 14251 33
14300 14301 32
14350 14351 32
14400 14401 34
14450 14451 32
14500 14501 38
14550 14551 34
14600 14601 35
14650 14651 31
14700 14701 31
14750 14751 29
14800 14801 31
14850 14851 35
14900 14901 37
14950 14951 36
15000 15001 34
15050 15051 34
15100 15101 34
15150 15151 34
15200 15201 33
15250 15251 36
15300 15301 31
15350 15351 35
15400 15401 36
15450 15451 31
15500 15501 31
15550 15551 34
15600 15601 31
15650 15651 31
15700 15701 33
15750 15751 32
15800 15801 33
15850 15851 33
15900 15901 33
15950 15951 33
16000 16001 32
16050 16051 36
16100 16101 33
16150 16151 35
16200 16201 34
16250 16251 33
16300 16301 31
16350 16351 32
16400 16401 36
16450 16451 30
16500 16501 30
16550 16551 32
16600 16601 31
16650 16651 32
16700 16701 32
16750 16751 32
16800 16801 32
16850 16851 35
16900 16901 33
16950 16951 34
17000 17001 34
17050 17051 35
17100 17101 32
17150 17151 33
17200 17201 32
17250 17251 32
17300 17301 32
17350 17351 32
17400 17401 31
17450 17451 32
17500 17501 35
17550 17551 31
17600 17601 34
17650 17651 33
17700 17701 32
17750 17751 30
17800 17801 32
17850 17851 31
17900 17901 34
17950 17951 31
18000 18001 35
18050 18051 33
18100 18101 33
18150 18151 34
18200 18201 33
18250 18251 30
18300 18301 31
18350 18351 32
18400 18401 33
18450 18451 33
18500 18501 35
18550 18551 34
18600 18601 42
18650 18651 32
18700 18701 30
18750 18751 32
18800 18801 34
18850 18851 33
18900 18901 30
18950 18951 34
19000 19001 39
19050 19051 34
19100 19101 38
19150 19151 31
19200 19201 34
19250 19251 32
19300 19301 32
19350 19351 36
19400 19401 32
19450 19451 34
19500 19501 33
19550 19551 38
19600 19601 34
19650 19651 31
19700 19701 33
19750 19751 34
19800 19801 33
19850 19851 35
19900 19901 33
19950 19951 35
20000 20001 33
20050 20051 32
20100 20101 31
20150 20151 32
20200 20201 37
20250 20251 34
20300 20301 37
20350 20351 37
20400 20401 35
20450 20451 33
20500 20501 38
20550 20551 30
20600 20601 40
20650 20651 33
20700 20701 34
20750 20751 37
20800 20801 35
20850 20851 34
20900 20901 32
20950 20951 35
21000 21001 33
21050 21051 38
21100 21101 34
21150 21151 37
21200 21201 35
21250 21251 36
21300 21301 32
21350 21351 33
21400 21401 34
21450 21451 37
21500 21501 34
21550 21551 33
21600 21601 38
21650 21651 35
21700 21701 33
21750 21751 32
21800 21801 34
21850 21851 36
21900 21901 33
21950 21951 35
22000 22001 35
22050 22051 33
22100 22101 31
22150 22151 33
22200 22201 31
22250 22251 36
22300 22301 35
22350 22351 36
22400 22401 33
22450 22451 37
22500 22501 33
22550 22551 34
22600 22601 34
22650 22651 34
22700 22701 32
22750 22751 34
22800 22801 35
22850 22851 33
22900 22901 33
22950 22951 32
23000 23001 31
23050 23051 32
23100 23101 34
23150 23151 33
23200 23201 36
23250 23251 35
23300 23301 37
23350 23351 31
23400 23401 33
23450 23451 33
23500 23501 41
23550 23551 31
23600 23601 35
23650 23651 32
23700 23701 33
23750 23751 36
23800 23801 36
23850 23851 37
23900 23901 35
23950 23951 36
24000 24001 32
24050 24051 33
24100 24101 34
24150 24151 32
24200 24201 34
24250 24251 36
24300 24301 33
24350 24351 35
24400 24401 38
24450 24451 35
24500 24501 38
24550 24551 35
24600 24601 40
24650 24651 37
24700 24701 35
24750 24751 34
24800 24801 32
24850 24851 39
24900 24901 36
24950 24951 35
25000 25001 33
25050 25051 37
25100 25101 40
25150 25151 36
25200 25201 38
25250 25251 33
25300 25301 32
25350 25351 35
25400 25401 33
25450 25451 35
25500 25501 34
25550 25551 33
25600 25601 34
25650 25651 37
25700 25701 33
25750 25751 37
25800 25801 34
25850 25851 33
25900 25901 33
25950 25951 33
26000 26001 34
26050 26051 34
26100 26101 32
26150 26151 32
26200 26201 34
26250 26251 34
26300 26301 37
26350 26351 39
26400 26401 31
26450 26451 35
26500 26501 34
26550 26551 33
26600 26601 33
26650 26651 33
26700 26701 32
26750 26751 35
26800 26801 34
26850 26851 35
26900 26901 36
26950 26951 36
27000 27001 33
27050 27051 32
27100 27101 35
27150 27151 33
27200 27201 32
27250 27251 35
27300 27301 34
27350 27351 34
27400 27401 34
27450 27451 34
27500 27501 39
27550 27551 35
27600 27601 31
27650 27651 35
27700 27701 36
27750 27751 35
27800 27801 35
27850 27851 34
27900 27901 34
27950 27951 31
28000 28001 38
28050 28051 37
28100 28101 34
28150 28151 31
28200 28201 34
28250 28251 34
28300 28301 35
28350 28351 38
28400 28401 34
28450 28451 37
28500 28501 32
28550 28551 36
28600 28601 36
28650 28651 36
28700 28701 35
28750 28751 36
28800 28801 35
28850 28851 34
28900 28901 37
28950 28951 35
29000 29001 34
29050 29051 34
29100 29101 34
29150 29151 33
29200 29201 33
29250 29251 36
29300 29301 36
29350 29351 34
29400 29401 31
29450 29451 35
29500 29501 33
29550 29551 34
29600 29601 34
29650 29651 34
29700 29701 34
29750 29751 31
29800 29801 32
29850 29851 36
29900 29901 36
29950 29951 34
30000 30001 37
30050 30051 34
30100 30101 37
30150 30151 32
30200 30201 33
30250 30251 36
30300 30301 33
30350 30351 36
30400 30401 38
30450 30451 37
30500 30501 36
30550 30551 33
30600 30601 31
30650 30651 34
30700 30701 35
30750 30751 37
30800 30801 36
30850 30851 36
30900 30901 33
30950 30951 33
31000 31001 37
31050 31051 34
31100 31101 34
31150 31151 32
31200 31201 32
31250 31251 33
31300 31301 35
31350 31351 35
31400 31401 36
31450 31451 36
31500 31501 34
31550 31551 34
31600 31601 33
31650 31651 34
31700 31701 36
31750 31751 33
31800 31801 34
31850 31851 39
31900 31901 35
31950 31951 37
32000 32001 34
32050 32051 34
32100 32101 37
32150 32151 38
32200 32201 34
32250 32251 36
32300 32301 39
32350 32351 35
32400 32401 37
32450 32451 34
32500 32501 33
32550 32551 38
32600 32601 35
32650 32651 36
32700 32701 34
32750 32751 35
32800 32801 34
32850 32851 36
32900 32901 33
32950 32951 34
33000 33001 40
33050 33051 36
33100 33101 33
33150 33151 38
33200 33201 35
33250 33251 35
33300 33301 37
33350 33351 38
33400 33401 38
33450 33451 35
33500 33501 34
33550 33551 34
33600 33601 33
33650 33651 40
33700 33701 33
33750 33751 37
33800 33801 34
33850 33851 33
33900 33901 37
33950 33951 33
34000 34001 32
34050 34051 36
34100 34101 31
34150 34151 34
34200 34201 34
34250 34251 32
34300 34301 34
34350 34351 40
34400 34401 38
34450 34451 32
34500 34501 38
34550 34551 34
34600 34601 39
34650 34651 38
34700 34701 34
34750 34751 34
34800 34801 34
34850 34851 32
34900 34901 34
34950 34951 33
35000 35001 35
35050 35051 35
35100 35101 39
35150 35151 34
35200 35201 38
35250 35251 36
35300 35301 35
35350 35351 31
35400 35401 36
35450 35451 39
35500 35501 36
35550 35551 39
35600 35601 37
35650 35651 38
35700 35701 35
35750 35751 34
35800 35801 36
35850 35851 35
35900 35901 35
35950 35951 38
36000 36001 34
36050 36051 32
36100 36101 35
36150 36151 35
36200 36201 33
36250 36251 34
36300 36301 37
36350 36351 34
36400 36401 34
36450 36451 35
36500 36501 39
36550 36551 36
36600 36601 33
36650 36651 38
36700 36701 38
36750 36751 34
36800 36801 36
36850 36851 35
36900 36901 37
36950 36951 34
37000 37001 34
37050 37051 31
37100 37101 38
37150 37151 37
37200 37201 34
37250 37251 35
37300 37301 33
37350 37351 37
37400 37401 34
37450 37451 41
37500 37501 36
37550 37551 35
37600 37601 34
37650 37651 35
37700 37701 34
37750 37751 37
37800 37801 32
37850 37851 35
37900 37901 32
37950 37951 35
38000 38001 39
38050 38051 34
38100 38101 42
38150 38151 32
38200 38201 35
38250 38251 34
38300 38301 34
38350 38351 36
38400 38401 41
38450 38451 37
38500 38501 30
38550 38551 38
38600 38601 34
38650 38651 34
38700 38701 38
38750 38751 32
38800 38801 32
38850 38851 35
38900 38901 39
38950 38951 36
39000 39001 35
39050 39051 35
39100 39101 34
39150 39151 40
39200 39201 36
39250 39251 35
39300 39301 34
39350 39351 37
39400 39401 35
39450 39451 36
39500 39501 38
39550 39551 36
39600 39601 34
39650 39651 35
39700 39701 33
39750 39751 35
39800 39801 34
39850 39851 35
39900 39901 34
39950 39951 39
40000 40001 34
40050 40051 35
40100 40101 33
40150 40151 35
40200 40201 36
40250 40251 42
40300 40301 35
40350 40351 33
40400 40401 35
40450 40451 34
40500 40501 34
40550 40551 37
40600 40601 36
40650 40651 35
40700 40701 32
40750 40751 34
40800 40801 34
40850 40851 36
40900 40901 38
40950 40951 33
41000 41001 40
41050 41051 37
41100 41101 35
41150 41151 35
41200 41201 36
41250 41251 37
41300 41301 36
41350 41351 37
41400 41401 35
41450 41451 35
41500 41501 35
41550 41551 39
41600 41601 39
41650 41651 35
41700 41701 33
41750 41751 36
41800 41801 37
41850 41851 34
41900 41901 31
41950 41951 40
42000 42001 38
42050 42051 36
42100 42101 37
42150 42151 38
42200 42201 35
42250 42251 37
42300 42301 32
42350 42351 33
42400 42401 36
42450 42451 36
42500 42501 34
42550 42551 35
42600 42601 36
42650 42651 38
42700 42701 38
42750 42751 34
42800 42801 35
42850 42851 36
42900 42901 37
42950 42951 36
43000 43001 43
43050 43051 32
43100 43101 38
43150 43151 34
43200 43201 35
43250 43251 33
43300 43301 34
43350 43351 36
43400 43401 38
43450 43451 34
43500 43501 35
43550 43551 36
43600 43601 36
43650 43651 41
43700 43701 35
43750 43751 32
43800 43801 32
43850 43851 35
43900 43901 33
43950 43951 36
44000 44001 32
44050 44051 36
44100 44101 38
44150 44151 39
44200 44201 32
44250 44251 35
44300 44301 37
44350 44351 35
44400 44401 37
44450 44451 34
44500 44501 39
44550 44551 33
44600 44601 38
44650 44651 33
44700 44701 35
44750 44751 38
44800 44801 34
44850 44851 37
44900 44901 35
44950 44951 39
45000 45001 35
45050 45051 36
45100 45101 35
45150 45151 39
45200 45201 35
45250 45251 33
45300 45301 34
45350 45351 33
45400 45401 33
45450 45451 34
45500 45501 37
45550 45551 38
45600 45601 33
45650 45651 38
45700 45701 33
45750 45751 37
45800 45801 34
45850 45851 34
45900 45901 36
45950 45951 37
46000 46001 35
46050 46051 36
46100 46101 37
46150 46151 34
46200 46201 37
46250 46251 43
46300 46301 35
46350 46351 38
46400 46401 33
46450 46451 33
46500 46501 37
46550 46551 38
46600 46601 36
46650 46651 36
46700 46701 36
46750 46751 35
46800 46801 33
46850 46851 36
46900 46901 34
46950 46951 38
47000 47001 34
47050 47051 34
47100 47101 35
47150 47151 36
47200 47201 39
47250 47251 31
47300 47301 35
47350 47351 36
47400 47401 34
47450 47451 38
47500 47501 36
47550 47551 38
47600 47601 39
47650 47651 39
47700 47701 34
47750 47751 35
47800 47801 32
47850 47851 36
47900 47901 39
47950 47951 36
48000 48001 36
48050 48051 34
48100 48101 36
48150 48151 34
48200 48201 34
48250 48251 34
48300 48301 37
48350 48351 36
48400 48401 37
48450 48451 35
48500 48501 37
48550 48551 34
48600 48601 34
48650 48651 33
48700 48701 34
48750 48751 36
48800 48801 36
48850 48851 34
48900 48901 39
48950 48951 35
49000 49001 34
49050 49051 34
49100 49101 37
49150 49151 40
49200 49201 39
49250 49251 33
49300 49301 37
49350 49351 37
49400 49401 36
49450 49451 36
49500 49501 36
49550 49551 40
49600 49601 36
49650 49651 35
49700 49701 41
49750 49751 36
49800 49801 38
49850 49851 32
49900 49901 37
49950 49951 36
50000 50001 33
