50 13 10
100 45 6
150 4 10
200 19 13
250 191 9
300 45 11
350 73 11
400 191 9
450 356 9
500 73 11
550 489 9
600 580 7
650 252 8
700 560 7
750 38 10
800 183 13
850 335 14
900 483 15
950 752 9
1000 588 12
1050 91 14
1100 1081 7
1150 1043 11
1200 559 15
1250 126 13
1300 127 11
1350 1332 7
1400 190 18
1450 412 11
1500 423 15
1550 624 15
1600 738 12
1650 1508 6
1700 490 15
1750 504 11
1800 1308 13
1850 638 11
1900 1685 7
1950 183 10
2000 1178 12
2050 1423 13
2100 1300 8
2150 210 18
2200 1473 18
2250 630 14
2300 1075 14
2350 1467 11
2400 372 11
2450 1260 15
2500 1480 16
2550 1299 16
2600 354 16
2650 583 12
2700 2526 9
2750 963 23
2800 205 18
2850 62 21
2900 938 16
2950 818 18
3000 325 17
3050 114 17
3100 1723 13
3150 909 21
3200 579 14
3250 2155 11
3300 2982 15
3350 335 16
3400 536 16
3450 1355 11
3500 2302 9
3550 45 15
3600 325 15
3650 2961 17
3700 1925 20
3750 1243 14
3800 427 14
3850 1472 17
3900 818 16
3950 337 17
4000 2547 13
4050 959 20
4100 906 19
4150 2915 11
4200 3263 15
4250 1114 14
4300 724 13
4350 1993 14
4400 2654 15
4450 4349 6
4500 108 17
4550 1674 16
4600 662 15
4650 1119 16
4700 1679 18
4750 42 29
4800 761 20
4850 714 16
4900 2579 13
4950 1681 22
5000 1371 17
5050 1615 18
5100 2164 16
5150 878 21
5200 1286 18
5250 696 20
5300 1737 10
5350 378 15
5400 1260 16
5450 3176 10
5500 528 19
5550 3548 16
5600 2858 15
5650 1491 13
5700 1916 14
5750 4314 12
5800 653 9
5850 4338 12
5900 5032 9
5950 574 24
6000 3754 14
6050 2796 10
6100 1207 14
6150 3170 16
6200 6049 8
6250 5605 9
6300 1637 17
6350 5488 14
6400 5612 12
6450 1560 15
6500 6488 7
6550 2218 17
6600 3198 17
6650 804 12
6700 4087 12
6750 5194 14
6800 2583 15
6850 4503 15
6900 4459 20
6950 3261 15
7000 1332 16
7050 2045 15
7100 1941 16
7150 982 15
7200 1075 11
7250 6981 12
7300 5190 16
7350 344 15
7400 5179 11
7450 4711 17
7500 6472 10
7550 5617 13
7600 3849 16
7650 179 14
7700 6033 16
7750 646 18
7800 6238 10
7850 2212 15
7900 6243 17
7950 6636 15
8000 4676 18
8050 5620 14
8100 2877 23
8150 4965 17
8200 2727 19
8250 3010 22
8300 7399 15
8350 7751 16
8400 7935 9
8450 1253 18
8500 591 15
8550 3662 20
8600 3705 18
8650 6262 15
8700 2994 11
8750 2564 22
8800 4405 25
8850 8391 6
8900 3864 20
8950 3816 14
9000 3122 21
9050 238 24
9100 8294 14
9150 5436 22
9200 4916 27
9250 3730 15
9300 5621 19
9350 47 19
9400 1622 8
9450 2338 15
9500 6204 13
9550 7578 17
9600 7210 16
9650 1322 14
9700 8766 15
9750 9090 13
9800 7092 17
9850 989 22
9900 8777 16
9950 4672 20
10000 9190 13
10050 8813 19
10100 5437 13
10150 7402 25
10200 5949 28
10250 9912 10
10300 8654 14
10350 9736 14
10400 1774 21
10450 2997 11
10500 7495 20
10550 24 21
10600 9384 17
10650 5107 13
10700 2074 25
10750 7821 11
10800 5762 21
10850 10005 17
10900 8320 13
10950 4959 13
11000 9695 15
11050 4251 25
11100 729 21
11150 1910 18
11200 430 17
11250 2327 21
11300 7500 13
11350 8131 17
11400 350 9
11450 8581 18
11500 3048 11
11550 8611 10
11600 9764 10
11650 10001 15
11700 6341 19
11750 6417 14
11800 4439 19
11850 9746 16
11900 2080 21
11950 9216 11
12000 842 13
12050 9180 15
12100 11697 11
12150 10250 14
12200 9591 16
12250 7992 15
12300 8398 20
12350 10430 17
12400 6393 17
12450 7109 16
12500 8072 13
12550 12052 11
12600 6532 14
12650 10806 11
12700 9782 9
12750 7286 16
12800 4413 20
12850 4230 15
12900 8578 15
12950 1832 15
13000 12244 10
13050 7660 18
13100 1316 18
13150 7029 17
13200 6370 21
13250 10831 15
13300 1620 14
13350 1380 20
13400 757 16
13450 920 25
13500 2052 16
13550 8808 14
13600 13538 10
13650 7851 18
13700 12640 14
13750 818 21
13800 2422 22
13850 718 17
13900 9776 18
13950 11693 16
14000 10503 24
14050 1019 21
14100 3539 15
14150 11087 16
14200 13674 12
14250 2756 18
14300 447 16
14350 1009 21
14400 3002 20
14450 3395 17
14500 6692 18
14550 1243 9
14600 2574 20
14650 14650 1
14700 6101 14
14750 3894 19
14800 14215 15
14850 1556 17
14900 12629 11
14950 14269 15
15000 7093 15
15050 3287 21
15100 8979 11
15150 10755 16
15200 11623 15
15250 11009 20
15300 8251 11
15350 8496 21
15400 5517 17
15450 5994 20
15500 8222 24
15550 10361 23
15600 10702 21
15650 1307 23
15700 356 26
15750 1930 22
15800 4002 15
15850 11005 16
15900 4409 18
15950 14011 17
16000 229 25
16050 12337 14
16100 4774 22
16150 3633 13
16200 332 20
16250 7645 11
16300 137 17
16350 2760 15
16400 539 15
16450 1082 15
16500 1728 22
16550 15883 10
16600 906 17
16650 4884 19
16700 10976 23
16750 16170 16
16800 8305 16
16850 6915 16
16900 5328 20
16950 10428 15
17000 16100 10
17050 6545 23
17100 3676 10
17150 13127 19
17200 3817 11
17250 9775 18
17300 2939 12
17350 7767 21
17400 1341 8
17450 3436 19
17500 13070 11
17550 12424 17
17600 8746 12
17650 13119 21
17700 9573 12
17750 297 12
17800 6815 15
17850 8651 18
17900 1075 15
17950 6988 25
18000 13382 18
18050 7133 12
18100 10021 19
18150 3872 15
18200 4460 15
18250 7529 17
18300 17444 15
18350 16674 14
18400 1651 12
18450 4203 20
18500 11826 18
18550 15560 21
18600 1679 15
18650 6930 27
18700 5308 19
18750 14069 18
18800 9311 23
18850 3698 22
18900 6800 12
18950 10259 10
19000 2387 13
19050 11039 18
19100 1658 18
19150 2019 16
19200 7393 16
19250 14891 17
19300 18579 13
19350 6981 17
19400 6012 23
19450 8232 18
19500 15676 14
19550 2975 29
19600 14145 13
19650 12939 15
19700 4184 15
19750 4091 22
19800 4165 14
19850 19597 8
19900 12134 18
19950 7689 15
20000 2877 18
20050 489 14
20100 10994 16
20150 3083 22
20200 587 13
20250 17545 18
20300 922 19
20350 15205 16
20400 5541 21
20450 6091 18
20500 15860 11
20550 16432 17
20600 12594 25
20650 8105 17
20700 13866 11
20750 20524 11
20800 19396 14
20850 6761 14
20900 3878 19
20950 687 19
21000 1327 18
21050 9555 22
21100 17218 13
21150 1472 13
21200 8962 18
21250 14718 20
21300 10586 19
21350 12681 24
21400 17596 15
21450 14407 23
21500 11177 15
21550 15661 9
21600 337 27
21650 10256 13
21700 7441 14
21750 11417 17
21800 1217 15
21850 16801 12
21900 491 15
21950 4179 5
22000 11932 13
22050 3085 18
22100 16542 13
22150 4040 11
22200 10018 13
22250 12211 12
22300 603 20
22350 15321 16
22400 22003 11
22450 985 26
22500 18773 22
22550 423 16
22600 6203 15
22650 11434 21
22700 8093 18
22750 648 16
22800 15331 22
22850 3490 16
22900 11558 12
22950 11448 19
23000 18874 17
23050 22443 15
23100 14729 11
23150 23078 6
23200 12638 19
23250 771 24
23300 16778 25
23350 5578 19
23400 316 20
23450 21710 16
23500 8873 19
23550 7915 16
23600 12708 15
23650 15630 13
23700 16312 14
23750 6374 19
23800 17829 15
23850 10086 25
23900 2167 18
23950 2228 25
24000 7831 18
24050 18042 17
24100 9928 14
24150 18285 13
24200 2521 18
24250 12952 15
24300 14974 11
24350 5128 23
24400 8703 22
24450 18029 26
24500 52 25
24550 14609 14
24600 14286 10
24650 630 16
24700 2975 11
24750 20125 20
24800 8884 19
24850 18027 17
24900 18319 10
24950 18869 17
25000 6179 18
25050 535 15
25100 149 27
25150 6831 28
25200 24951 7
25250 23405 13
25300 17096 24
25350 22928 22
25400 5883 20
25450 5293 16
25500 18300 18
25550 21294 19
25600 18649 15
25650 16218 18
25700 7152 16
25750 19670 20
25800 20722 16
25850 13814 17
25900 8080 25
25950 25123 9
26000 21635 21
26050 243 23
26100 12169 19
26150 5148 19
26200 6695 24
26250 15043 18
26300 8943 20
26350 7008 24
26400 949 24
26450 9444 18
26500 6449 21
26550 21953 20
26600 9613 20
26650 22836 12
26700 16985 15
26750 14126 13
26800 5409 13
26850 3929 15
26900 7840 16
26950 8387 15
27000 4435 19
27050 25854 15
27100 17132 17
27150 13342 15
27200 3195 19
27250 72 19
27300 1624 19
27350 3420 24
27400 10798 18
27450 3597 10
27500 1841 17
27550 6023 16
27600 1948 19
27650 4307 17
27700 13875 12
27750 17893 9
27800 4239 17
27850 19218 16
27900 8822 20
27950 23591 13
28000 16344 18
28050 8341 18
28100 23757 17
28150 18961 17
28200 16365 23
28250 40 19
28300 26961 17
28350 937 17
28400 7342 27
28450 3198 14
28500 22779 18
28550 5220 15
28600 26549 13
28650 14856 15
28700 10912 19
28750 23007 27
28800 20693 24
28850 2377 12
28900 3024 18
28950 1297 11
29000 2037 22
29050 4716 20
29100 5031 14
29150 4920 18
29200 3359 19
29250 3577 26
29300 1874 17
29350 15868 27
29400 28326 14
29450 12310 17
29500 7768 18
29550 3616 22
29600 2318 15
29650 7260 19
29700 6303 21
29750 5615 16
29800 11135 18
29850 18 12
29900 5655 24
29950 19387 11
30000 29250 14
30050 27925 12
30100 5331 19
30150 921 25
30200 11330 15
30250 6643 22
30300 3951 16
30350 16604 21
30400 15454 24
30450 16579 17
30500 5968 17
30550 8846 27
30600 9170 18
30650 20387 17
30700 10204 21
30750 3993 14
30800 2817 17
30850 28493 14
30900 30811 9
30950 18862 14
31000 4368 12
31050 26584 16
31100 15498 18
31150 1975 14
31200 3354 11
31250 19207 12
31300 9479 15
31350 22622 17
31400 584 23
31450 8955 14
31500 17798 14
31550 10147 19
31600 14980 12
31650 21701 17
31700 5367 12
31750 9557 16
31800 20584 20
31850 11437 22
31900 1639 14
31950 14867 16
32000 3362 24
32050 2538 18
32100 5329 22
32150 24088 20
32200 14410 25
32250 1859 20
32300 11558 14
32350 1769 23
32400 7564 16
32450 4245 15
32500 28408 17
32550 18035 15
32600 9645 13
32650 28998 13
32700 23061 14
32750 8187 11
32800 20326 15
32850 922 20
32900 30293 14
32950 3899 12
33000 24401 24
33050 17653 20
33100 6923 18
33150 6352 16
33200 1529 8
33250 4036 17
33300 6160 12
33350 3478 14
33400 18361 20
33450 20932 17
33500 9156 20
33550 12656 9
33600 15697 10
33650 11472 18
33700 19792 12
33750 7174 17
33800 3066 15
33850 4696 13
33900 9404 18
33950 2826 18
34000 6868 20
34050 5674 8
34100 29172 15
34150 2957 18
34200 4446 19
34250 3481 13
34300 5538 21
34350 13167 24
34400 8662 22
34450 11398 16
34500 1832 15
34550 6493 19
34600 24227 10
34650 20523 15
34700 21544 16
34750 10993 13
34800 8931 15
34850 24434 11
34900 6268 16
34950 13661 22
35000 4676 23
35050 6023 20
35100 33775 20
35150 1775 22
35200 3581 28
35250 2718 18
35300 6834 21
35350 18776 15
35400 14896 23
35450 7744 14
35500 20989 19
35550 2127 22
35600 32719 11
35650 26548 27
35700 10591 19
35750 19841 11
35800 11205 16
35850 9632 14
35900 19038 24
35950 17174 16
36000 22696 18
36050 16690 18
36100 29914 11
36150 20210 21
36200 7493 22
36250 4037 21
36300 16348 24
36350 28521 14
36400 14228 21
36450 8250 20
36500 11262 28
36550 31402 17
36600 33273 19
36650 16710 13
36700 2495 21
36750 24835 22
36800 33272 14
36850 3017 14
36900 23660 16
36950 11442 17
37000 8621 19
37050 14133 21
37100 5894 23
37150 8612 16
37200 9793 26
37250 6241 19
37300 25245 14
37350 7265 20
37400 22356 17
37450 19427 17
37500 13102 21
37550 8504 11
37600 23154 18
37650 29222 14
37700 7164 17
37750 3911 12
37800 733 20
37850 22757 20
37900 1151 15
37950 9949 16
38000 26097 17
38050 6883 24
38100 5450 27
38150 8317 17
38200 20601 19
38250 18258 22
38300 12186 18
38350 13852 19
38400 31684 14
38450 13778 21
38500 35697 10
38550 5327 19
38600 30182 22
38650 7197 18
38700 23626 17
38750 16907 17
38800 14034 17
38850 28772 18
38900 34892 23
38950 6107 17
39000 16022 21
39050 29963 21
39100 24594 17
39150 23508 13
39200 4510 29
39250 1373 12
39300 18190 14
39350 2487 22
39400 20890 20
39450 13248 26
39500 31696 23
39550 22657 23
39600 26401 20
39650 18101 15
39700 11525 23
39750 18947 18
39800 22827 22
39850 22266 20
39900 7364 19
39950 30869 20
40000 3126 18
40050 10197 22
40100 15581 15
40150 26974 23
40200 30307 23
40250 6894 20
40300 11343 19
40350 18056 16
40400 5013 16
40450 4525 8
40500 17648 14
40550 23634 15
40600 7393 18
40650 5135 15
40700 29650 20
40750 11931 18
40800 11565 19
40850 29544 20
40900 25768 17
40950 8190 16
41000 4928 21
41050 29948 14
41100 26158 17
41150 21613 19
41200 15702 18
41250 26748 18
41300 19745 14
41350 23455 15
41400 21663 12
41450 10684 21
41500 352 18
41550 35342 18
41600 25747 21
41650 14088 23
41700 3150 22
41750 15996 23
41800 18379 22
41850 19729 18
41900 23064 15
41950 28539 18
42000 40434 11
42050 11732 15
42100 38666 16
42150 26467 13
42200 27552 24
42250 18952 18
42300 9486 17
42350 24843 25
42400 2319 18
42450 36253 15
42500 42486 6
42550 20690 11
42600 24654 21
42650 2627 17
42700 30738 15
42750 9210 15
42800 11162 25
42850 32371 24
42900 351 16
42950 13762 17
43000 39893 18
43050 20830 18
43100 6164 8
43150 28967 21
43200 10598 15
43250 27996 13
43300 11183 16
43350 22376 16
43400 25129 18
43450 27979 18
43500 16340 21
43550 20443 21
43600 10960 15
43650 20804 18
43700 23579 12
43750 18650 16
43800 8732 26
43850 12228 20
43900 8548 24
43950 6776 21
44000 2827 11
44050 22475 18
44100 33514 12
44150 31597 17
44200 19002 13
44250 18389 21
44300 12054 11
44350 16773 21
44400 17971 13
44450 1293 18
44500 10283 10
44550 25767 16
44600 35117 17
44650 40891 12
44700 17865 10
44750 22912 17
44800 16054 23
44850 13189 13
44900 28444 16
44950 22118 26
45000 35781 14
45050 10831 15
45100 13956 20
45150 3704 15
45200 36463 17
45250 15479 19
45300 18007 16
45350 18999 19
45400 15935 13
45450 24342 13
45500 3545 10
45550 15318 17
45600 31222 12
45650 1852 16
45700 13674 14
45750 22549 18
45800 5561 10
45850 44177 12
45900 33416 15
45950 15207 22
46000 18895 16
46050 7130 24
46100 7728 14
46150 19570 21
46200 26296 11
46250 16117 25
46300 17661 8
46350 14968 29
46400 25068 22
46450 6075 16
46500 28801 20
46550 18655 21
46600 19620 15
46650 15625 19
46700 14603 16
46750 35177 15
46800 22132 19
46850 9590 28
46900 1737 16
46950 11754 20
47000 32549 16
47050 19387 18
47100 26089 11
47150 1799 17
47200 22201 19
47250 9073 13
47300 20426 23
47350 36492 14
47400 39193 21
47450 40430 25
47500 26505 17
47550 21883 22
47600 37841 13
47650 41840 13
47700 17641 20
47750 15621 20
47800 5227 18
47850 25946 24
47900 16295 18
47950 10771 16
48000 3702 21
48050 31097 20
48100 20503 22
48150 12383 19
48200 34414 16
48250 1216 20
48300 6012 12
48350 453 18
48400 29064 13
48450 3579 17
48500 25971 23
48550 19363 21
48600 19806 18
48650 16053 17
48700 47451 18
48750 20476 21
48800 37292 17
48850 23942 14
48900 34982 19
48950 17337 14
49000 24413 22
49050 32362 10
49100 7612 21
49150 11368 12
49200 2439 15
49250 28270 20
49300 45788 11
49350 11010 20
49400 43987 13
49450 8855 29
49500 36749 14
49550 31048 22
49600 11467 25
49650 21199 18
49700 5082 16
49750 37153 19
49800 10374 24
49850 12890 15
49900 4322 9
49950 25991 16
50000 44884 11
